1 0.7010416666666667 0.3851851851851852 0.7083333333333334 0.387037037037037 0.7182291666666667 0.3814814814814815 0.7255208333333333 0.3824074074074074 0.728125 0.3861111111111111 0.7286458333333333 0.39814814814814814 0.7265625 0.40370370370370373 0.7223958333333333 0.4064814814814815 0.7036458333333333 0.40555555555555556 0.6973958333333333 0.4083333333333333 0.6901041666666666 0.40370370370370373 0.6901041666666666 0.38981481481481484 0.6958333333333333 0.38333333333333336 0.7005208333333334 0.3851851851851852
0 0.22708333333333333 0.29074074074074074 0.23541666666666666 0.30277777777777776 0.23697916666666666 0.31851851851851853 0.2328125 0.3351851851851852 0.2234375 0.3425925925925926 0.21666666666666667 0.3416666666666667 0.2078125 0.33055555555555555 0.2046875 0.3175925925925926 0.2046875 0.30648148148148147 0.20625 0.3 0.21302083333333333 0.29074074074074074 0.2265625 0.29074074074074074
4 0.8510416666666667 0.2722222222222222 0.8635416666666667 0.27870370370370373 0.8692708333333333 0.2861111111111111 0.8697916666666666 0.30833333333333335 0.8635416666666667 0.32222222222222224 0.8557291666666667 0.3287037037037037 0.840625 0.33425925925925926 0.83125 0.3675925925925926 0.8286458333333333 0.3712962962962963 0.8234375 0.36944444444444446 0.8192708333333333 0.3453703703703704 0.8197916666666667 0.3351851851851852 0.8255208333333334 0.3148148148148148 0.8270833333333333 0.2972222222222222 0.8354166666666667 0.2722222222222222 0.8505208333333333 0.2722222222222222
3 0.19322916666666667 0.3685185185185185 0.28541666666666665 0.41203703703703703 0.2875 0.41944444444444445 0.28072916666666664 0.487962962962963 0.2791666666666667 0.4981481481481482 0.2765625 0.5 0.175 0.44074074074074077 0.17395833333333333 0.43333333333333335 0.18125 0.3685185185185185 0.18229166666666666 0.36574074074074076 0.19270833333333334 0.3685185185185185
5 0.9880208333333333 0.2675925925925926 0.9994791666666667 0.2740740740740741 0.9994791666666667 0.28425925925925927 0.9864583333333333 0.28425925925925927 0.9807291666666667 0.2898148148148148 0.9791666666666666 0.2861111111111111 0.98125 0.275 0.9838541666666667 0.26944444444444443 0.9875 0.2675925925925926
5 0.35885416666666664 0.7444444444444445 0.3729166666666667 0.7509259259259259 0.3802083333333333 0.7611111111111111 0.37864583333333335 0.8101851851851852 0.3729166666666667 0.8555555555555555 0.36666666666666664 0.8638888888888889 0.3572916666666667 0.8638888888888889 0.35052083333333334 0.8592592592592593 0.34739583333333335 0.8490740740740741 0.3484375 0.7907407407407407 0.35208333333333336 0.7574074074074074 0.3546875 0.7481481481481481 0.35833333333333334 0.7453703703703703
5 0.109375 0.537962962962963 0.11302083333333333 0.5453703703703704 0.1109375 0.6240740740740741 0.109375 0.6296296296296297 0.10677083333333333 0.6268518518518519 0.103125 0.6092592592592593 0.10572916666666667 0.5444444444444444 0.10625 0.5398148148148149 0.10885416666666667 0.537962962962963
5 0.1484375 0.2657407407407407 0.15052083333333333 0.2675925925925926 0.15052083333333333 0.28703703703703703 0.1453125 0.362962962962963 0.14270833333333333 0.4351851851851852 0.140625 0.44166666666666665 0.13697916666666668 0.4361111111111111 0.1359375 0.42962962962962964 0.1359375 0.3388888888888889 0.140625 0.2833333333333333 0.14270833333333333 0.2722222222222222 0.14791666666666667 0.2657407407407407
5 0.3958333333333333 0.35555555555555557 0.42552083333333335 0.3574074074074074 0.4583333333333333 0.3648148148148148 0.4744791666666667 0.3768518518518518 0.4817708333333333 0.3861111111111111 0.48854166666666665 0.3972222222222222 0.49114583333333334 0.4111111111111111 0.48072916666666665 0.45555555555555555 0.446875 0.55 0.43125 0.5842592592592593 0.42552083333333335 0.5925925925925926 0.4171875 0.6 0.40572916666666664 0.6037037037037037 0.39375 0.6018518518518519 0.3848958333333333 0.5851851851851851 0.3765625 0.5462962962962963 0.36822916666666666 0.4703703703703704 0.3697916666666667 0.4111111111111111 0.375 0.3648148148148148 0.3770833333333333 0.3592592592592593 0.38333333333333336 0.35555555555555557 0.3953125 0.35555555555555557
1 0.7651041666666667 0.37777777777777777 0.7677083333333333 0.38333333333333336 0.7677083333333333 0.3888888888888889 0.7588541666666667 0.4 0.7390625 0.4 0.7364583333333333 0.39537037037037037 0.7364583333333333 0.38796296296296295 0.740625 0.3824074074074074 0.7567708333333333 0.3824074074074074 0.7614583333333333 0.3768518518518518 0.7645833333333333 0.37777777777777777
